Height: 900
Name: NewTrack
Version: 0.500000
Width: 1500

FinishLine: 0
IsLooped: 1
Node0_X: 1182.000000
Node0_Y: 670.000000
Node10_X: 1503.000000
Node10_Y: 583.000000
Node11_X: 1568.000000
Node11_Y: 488.000000
Node12_X: 1638.000000
Node12_Y: 391.000000
Node13_X: 1781.000000
Node13_Y: 331.000000
Node14_X: 1715.000000
Node14_Y: 221.000000
Node15_X: 1394.000000
Node15_Y: 323.000000
Node16_X: 1335.000000
Node16_Y: 411.000000
Node17_X: 1256.000000
Node17_Y: 499.000000
Node18_X: 1124.000000
Node18_Y: 465.000000
Node19_X: 962.000000
Node19_Y: 373.000000
Node1_X: 1286.000000
Node1_Y: 735.000000
Node20_X: 639.000000
Node20_Y: 137.000000
Node21_X: 536.000000
Node21_Y: 117.000000
Node22_X: 494.000000
Node22_Y: 229.000000
Node23_X: 486.000000
Node23_Y: 469.000000
Node24_X: 516.000000
Node24_Y: 641.000000
Node25_X: 465.000000
Node25_Y: 716.000000
Node26_X: 435.000000
Node26_Y: 784.000000
Node27_X: 540.000000
Node27_Y: 856.000000
Node28_X: 615.000000
Node28_Y: 848.000000
Node29_X: 642.000000
Node29_Y: 754.000000
Node2_X: 1412.000000
Node2_Y: 784.000000
Node30_X: 604.000000
Node30_Y: 482.000000
Node31_X: 666.000000
Node31_Y: 425.000000
Node32_X: 758.000000
Node32_Y: 439.000000
Node33_X: 810.000000
Node33_Y: 493.000000
Node34_X: 806.000000
Node34_Y: 567.000000
Node35_X: 855.000000
Node35_Y: 653.000000
Node36_X: 924.000000
Node36_Y: 704.000000
Node37_X: 1002.000000
Node37_Y: 684.000000
Node38_X: 1095.000000
Node38_Y: 657.000000
Node39_X: 570.316345
Node39_Y: 524.294922
Node3_X: 1517.000000
Node3_Y: 775.000000
Node40_X: 572.843384
Node40_Y: 587.007874
Node41_X: 585.397461
Node41_Y: 648.503296
Node42_X: 607.653625
Node42_Y: 707.188599
Node43_X: 639.035400
Node43_Y: 761.543945
Node44_X: 678.729858
Node44_Y: 810.161255
Node45_X: 725.709106
Node45_Y: 851.781616
Node46_X: 778.756348
Node46_Y: 885.327026
Node47_X: 836.497803
Node47_Y: 909.928650
Node48_X: 897.437744
Node48_Y: 924.949280
Node4_X: 1699.000000
Node4_Y: 763.000000
Node5_X: 1789.000000
Node5_Y: 707.000000
Node6_X: 1790.000000
Node6_Y: 616.000000
Node7_X: 1761.000000
Node7_Y: 539.000000
Node8_X: 1662.000000
Node8_Y: 567.000000
Node9_X: 1576.000000
Node9_Y: 614.000000
NumNodes: 39
Sector1: 1
Sector2: 2
Sector3: 3
StartLine: 23
TrackWidth: 30.000000

BackgroundColour: 255
GridSize: 0
ImagePath: NewTrack.png
Optimise: 0
TrackEdgeColour: 1077952767
